# oST version 5.0 parameters

[image]

width
640

height
480

[camera]

camera matrix
538.389724 0.000000 316.753978
0.000000 536.282484 232.530497
0.000000 0.000000 1.000000

distortion
-0.043976 0.094381 0.002196 0.002595 0.000000

rectification
1.000000 0.000000 0.000000
0.000000 1.000000 0.000000
0.000000 0.000000 1.000000

projection
307.211409 0 322.820704 0
0 312.895665 242.394914 0
0 0 1 0
542.081970 0.000000 318.540900 0.000000
0.000000 540.390198 233.762762 0.000000
0.000000 0.000000 1.000000 0.000000
